# relative_time, cycles_done, cur_item, corpus_count, pending_total, pending_favs, map_size, saved_crashes, saved_hangs, max_depth, execs_per_sec, total_execs, edges_found, total_crashes, servers_count
62, 5, 1, 2, 0, 0, 23.08%, 0, 0, 2, 37.17, 4657, 3, 0, 0
67, 6, 1, 2, 0, 0, 23.08%, 0, 0, 2, 37.39, 5045, 3, 0, 0
72, 6, 1, 2, 0, 0, 23.08%, 0, 0, 2, 37.30, 5443, 3, 0, 0
77, 7, 0, 2, 0, 0, 23.08%, 0, 0, 2, 36.87, 5833, 3, 0, 0
82, 7, 1, 2, 0, 0, 23.08%, 0, 0, 2, 46.17, 6151, 3, 0, 0
88, 7, 1, 2, 0, 0, 23.08%, 0, 0, 2, 37.33, 6513, 3, 0, 0
93, 8, 1, 2, 0, 0, 23.08%, 0, 0, 2, 37.42, 6899, 3, 0, 0
98, 8, 0, 2, 0, 0, 23.08%, 0, 0, 2, 36.02, 7281, 3, 0, 0
103, 9, 1, 2, 0, 0, 23.08%, 0, 0, 2, 35.17, 7655, 3, 0, 0
108, 9, 0, 2, 0, 0, 23.08%, 0, 0, 2, 37.38, 8043, 3, 0, 0
113, 10, 0, 2, 0, 0, 23.08%, 0, 0, 2, 37.21, 8433, 3, 0, 0
118, 10, 1, 2, 0, 0, 23.08%, 0, 0, 2, 45.74, 8750, 3, 0, 0
124, 11, 0, 2, 0, 0, 23.08%, 0, 0, 2, 37.27, 9113, 3, 0, 0
129, 11, 1, 2, 0, 0, 23.08%, 0, 0, 2, 37.26, 9501, 3, 0, 0
134, 12, 1, 2, 0, 0, 23.08%, 0, 0, 2, 37.17, 9891, 3, 0, 0
138, 12, 1, 2, 0, 0, 23.08%, 0, 0, 2, 512.20, 10224, 3, 0, 0
